(  5.0000000000000000E-01 ,  0.0000000000000000E+00)
(  1.0000000000000000E+00 ,  0.0000000000000000E+00)
(  5.0000000000000000E-01 ,  0.0000000000000000E+00)
(  5.0000000000000022E-01 ,  0.0000000000000000E+00)
(  5.0000000000000011E-01 ,  0.0000000000000000E+00)
(  4.9999999999999989E-01 ,  0.0000000000000000E+00)
(  1.0000000000000002E+00 ,  0.0000000000000000E+00)
(  5.0000000000000000E-01 ,  0.0000000000000000E+00)
(  4.9999999999999989E-01 ,  0.0000000000000000E+00)
(  1.0000000000000002E+00 ,  0.0000000000000000E+00)
(  5.0000000000000000E-01 ,  0.0000000000000000E+00)
(  9.9999999999999978E-01 ,  0.0000000000000000E+00)
(  4.9999999999999994E-01 ,  0.0000000000000000E+00)
(  1.0000000000000000E+00 ,  0.0000000000000000E+00)
(  5.0000000000000000E-01 ,  0.0000000000000000E+00)
(  4.9999999999999961E-01 ,  0.0000000000000000E+00)
(  5.0000000000000000E-01 ,  0.0000000000000000E+00)
(  5.0000000000000011E-01 ,  0.0000000000000000E+00)
(  1.0000000000000002E+00 ,  0.0000000000000000E+00)
(  4.9999999999999989E-01 ,  0.0000000000000000E+00)
(  5.0000000000000011E-01 ,  0.0000000000000000E+00)
(  9.9999999999999989E-01 ,  0.0000000000000000E+00)
(  4.9999999999999989E-01 ,  0.0000000000000000E+00)
(  9.9999999999999967E-01 ,  0.0000000000000000E+00)
(  5.0000000000000000E-01 ,  0.0000000000000000E+00)
(  9.9999999999999989E-01 ,  0.0000000000000000E+00)
(  5.0000000000000022E-01 ,  0.0000000000000000E+00)
(  1.0000000000000000E+00 ,  0.0000000000000000E+00)
(  5.0000000000000000E-01 ,  0.0000000000000000E+00)
(  5.0000000000000000E-01 ,  0.0000000000000000E+00)
(  9.9999999999999989E-01 ,  0.0000000000000000E+00)
(  5.0000000000000011E-01 ,  0.0000000000000000E+00)
(  4.9999999999999972E-01 ,  0.0000000000000000E+00)
(  9.9999999999999967E-01 ,  0.0000000000000000E+00)
(  5.0000000000000011E-01 ,  0.0000000000000000E+00)
(  1.0000000000000000E+00 ,  0.0000000000000000E+00)
(  1.0000000000000002E+00 ,  0.0000000000000000E+00)
(  1.0000000000000002E+00 ,  0.0000000000000000E+00)
(  1.0000000000000004E+00 ,  0.0000000000000000E+00)
(  1.0000000000000002E+00 ,  0.0000000000000000E+00)
(  1.9999999999999998E+00 ,  0.0000000000000000E+00)
(  2.0000000000000009E+00 ,  0.0000000000000000E+00)
(  2.0000000000000009E+00 ,  0.0000000000000000E+00)
(  1.0000000000000000E+00 ,  0.0000000000000000E+00)
(  1.9999999999999996E+00 ,  0.0000000000000000E+00)
 
 residue          =    1.148E-15
 condition number =    1.387E+01
 ---------------------------------------
(  5.0000000000000000E-01 ,  0.0000000000000000E+00)
(  1.0000000000000000E+00 ,  0.0000000000000000E+00)
(  4.9999999999999978E-01 ,  0.0000000000000000E+00)
(  5.0000000000000000E-01 ,  0.0000000000000000E+00)
(  5.0000000000000011E-01 ,  0.0000000000000000E+00)
(  5.0000000000000011E-01 ,  0.0000000000000000E+00)
(  1.0000000000000002E+00 ,  0.0000000000000000E+00)
(  5.0000000000000000E-01 ,  0.0000000000000000E+00)
(  4.9999999999999989E-01 ,  0.0000000000000000E+00)
(  9.9999999999999978E-01 ,  0.0000000000000000E+00)
(  5.0000000000000000E-01 ,  0.0000000000000000E+00)
(  9.9999999999999978E-01 ,  0.0000000000000000E+00)
(  4.9999999999999983E-01 ,  0.0000000000000000E+00)
(  9.9999999999999978E-01 ,  0.0000000000000000E+00)
(  4.9999999999999989E-01 ,  0.0000000000000000E+00)
(  4.9999999999999967E-01 ,  0.0000000000000000E+00)
(  5.0000000000000011E-01 ,  0.0000000000000000E+00)
(  4.9999999999999989E-01 ,  0.0000000000000000E+00)
(  1.0000000000000000E+00 ,  0.0000000000000000E+00)
(  4.9999999999999994E-01 ,  0.0000000000000000E+00)
(  5.0000000000000022E-01 ,  0.0000000000000000E+00)
(  9.9999999999999989E-01 ,  0.0000000000000000E+00)
(  4.9999999999999989E-01 ,  0.0000000000000000E+00)
(  9.9999999999999978E-01 ,  0.0000000000000000E+00)
(  5.0000000000000000E-01 ,  0.0000000000000000E+00)
(  9.9999999999999967E-01 ,  0.0000000000000000E+00)
(  5.0000000000000000E-01 ,  0.0000000000000000E+00)
(  5.0000000000000033E-01 ,  0.0000000000000000E+00)
(  5.0000000000000000E-01 ,  0.0000000000000000E+00)
(  5.0000000000000000E-01 ,  0.0000000000000000E+00)
(  9.9999999999999989E-01 ,  0.0000000000000000E+00)
(  5.0000000000000011E-01 ,  0.0000000000000000E+00)
(  4.9999999999999983E-01 ,  0.0000000000000000E+00)
(  9.9999999999999967E-01 ,  0.0000000000000000E+00)
(  4.9999999999999972E-01 ,  0.0000000000000000E+00)
(  9.9999999999999978E-01 ,  0.0000000000000000E+00)
(  1.0000000000000002E+00 ,  0.0000000000000000E+00)
(  1.0000000000000002E+00 ,  0.0000000000000000E+00)
(  9.9999999999999989E-01 ,  0.0000000000000000E+00)
(  1.0000000000000000E+00 ,  0.0000000000000000E+00)
(  2.0000000000000000E+00 ,  0.0000000000000000E+00)
(  1.9999999999999998E+00 ,  0.0000000000000000E+00)
(  2.0000000000000004E+00 ,  0.0000000000000000E+00)
(  1.0000000000000000E+00 ,  0.0000000000000000E+00)
(  1.0000000000000000E+00 ,  0.0000000000000000E+00)
 
 residue          =    1.189E-15
 condition number =    9.655E+00
 ---------------------------------------
(  4.9999999999999994E-01 ,  0.0000000000000000E+00)
(  1.0000000000000002E+00 ,  0.0000000000000000E+00)
(  4.9999999999999983E-01 ,  0.0000000000000000E+00)
(  5.0000000000000022E-01 ,  0.0000000000000000E+00)
(  5.0000000000000011E-01 ,  0.0000000000000000E+00)
(  4.9999999999999989E-01 ,  0.0000000000000000E+00)
(  9.9999999999999978E-01 ,  0.0000000000000000E+00)
(  5.0000000000000033E-01 ,  0.0000000000000000E+00)
(  5.0000000000000000E-01 ,  0.0000000000000000E+00)
(  1.0000000000000000E+00 ,  0.0000000000000000E+00)
(  4.9999999999999967E-01 ,  0.0000000000000000E+00)
(  9.9999999999999967E-01 ,  0.0000000000000000E+00)
(  4.9999999999999983E-01 ,  0.0000000000000000E+00)
(  9.9999999999999978E-01 ,  0.0000000000000000E+00)
(  5.0000000000000033E-01 ,  0.0000000000000000E+00)
(  5.0000000000000000E-01 ,  0.0000000000000000E+00)
(  5.0000000000000000E-01 ,  0.0000000000000000E+00)
(  5.0000000000000011E-01 ,  0.0000000000000000E+00)
(  1.0000000000000004E+00 ,  0.0000000000000000E+00)
(  4.9999999999999983E-01 ,  0.0000000000000000E+00)
(  5.0000000000000011E-01 ,  0.0000000000000000E+00)
(  1.0000000000000000E+00 ,  0.0000000000000000E+00)
(  4.9999999999999978E-01 ,  0.0000000000000000E+00)
(  1.0000000000000002E+00 ,  0.0000000000000000E+00)
(  5.0000000000000033E-01 ,  0.0000000000000000E+00)
(  9.9999999999999956E-01 ,  0.0000000000000000E+00)
(  5.0000000000000033E-01 ,  0.0000000000000000E+00)
(  5.0000000000000000E-01 ,  0.0000000000000000E+00)
(  5.0000000000000000E-01 ,  0.0000000000000000E+00)
(  5.0000000000000011E-01 ,  0.0000000000000000E+00)
(  9.9999999999999989E-01 ,  0.0000000000000000E+00)
(  5.0000000000000000E-01 ,  0.0000000000000000E+00)
(  5.0000000000000000E-01 ,  0.0000000000000000E+00)
(  9.9999999999999978E-01 ,  0.0000000000000000E+00)
(  4.9999999999999989E-01 ,  0.0000000000000000E+00)
(  9.9999999999999978E-01 ,  0.0000000000000000E+00)
(  1.0000000000000002E+00 ,  0.0000000000000000E+00)
(  1.0000000000000002E+00 ,  0.0000000000000000E+00)
(  1.0000000000000004E+00 ,  0.0000000000000000E+00)
(  1.0000000000000000E+00 ,  0.0000000000000000E+00)
(  1.9999999999999996E+00 ,  0.0000000000000000E+00)
(  2.0000000000000004E+00 ,  0.0000000000000000E+00)
(  2.0000000000000004E+00 ,  0.0000000000000000E+00)
(  1.0000000000000002E+00 ,  0.0000000000000000E+00)
(  9.9999999999999978E-01 ,  0.0000000000000000E+00)
 
 residue          =    1.326E-15
 condition number =    9.655E+00
 ---------------------------------------
(  5.0000000000000000E-01 ,  0.0000000000000000E+00)
(  1.0000000000000000E+00 ,  0.0000000000000000E+00)
(  5.0000000000000011E-01 ,  0.0000000000000000E+00)
(  4.9999999999999983E-01 ,  0.0000000000000000E+00)
(  5.0000000000000000E-01 ,  0.0000000000000000E+00)
(  5.0000000000000000E-01 ,  0.0000000000000000E+00)
(  1.0000000000000000E+00 ,  0.0000000000000000E+00)
(  5.0000000000000000E-01 ,  0.0000000000000000E+00)
(  5.0000000000000000E-01 ,  0.0000000000000000E+00)
(  1.0000000000000000E+00 ,  0.0000000000000000E+00)
(  5.0000000000000000E-01 ,  0.0000000000000000E+00)
(  1.0000000000000000E+00 ,  0.0000000000000000E+00)
(  5.0000000000000011E-01 ,  0.0000000000000000E+00)
(  1.0000000000000000E+00 ,  0.0000000000000000E+00)
(  5.0000000000000011E-01 ,  0.0000000000000000E+00)
(  5.0000000000000000E-01 ,  0.0000000000000000E+00)
(  5.0000000000000000E-01 ,  0.0000000000000000E+00)
(  4.9999999999999994E-01 ,  0.0000000000000000E+00)
(  9.9999999999999989E-01 ,  0.0000000000000000E+00)
(  5.0000000000000000E-01 ,  0.0000000000000000E+00)
(  5.0000000000000000E-01 ,  0.0000000000000000E+00)
(  1.0000000000000002E+00 ,  0.0000000000000000E+00)
(  5.0000000000000000E-01 ,  0.0000000000000000E+00)
(  1.0000000000000000E+00 ,  0.0000000000000000E+00)
(  5.0000000000000000E-01 ,  0.0000000000000000E+00)
(  1.0000000000000000E+00 ,  0.0000000000000000E+00)
(  5.0000000000000000E-01 ,  0.0000000000000000E+00)
(  1.0000000000000000E+00 ,  0.0000000000000000E+00)
(  5.0000000000000000E-01 ,  0.0000000000000000E+00)
(  5.0000000000000000E-01 ,  0.0000000000000000E+00)
(  1.0000000000000000E+00 ,  0.0000000000000000E+00)
(  5.0000000000000000E-01 ,  0.0000000000000000E+00)
(  5.0000000000000000E-01 ,  0.0000000000000000E+00)
(  1.0000000000000000E+00 ,  0.0000000000000000E+00)
(  5.0000000000000000E-01 ,  0.0000000000000000E+00)
(  1.0000000000000000E+00 ,  0.0000000000000000E+00)
(  1.0000000000000000E+00 ,  0.0000000000000000E+00)
(  1.0000000000000000E+00 ,  0.0000000000000000E+00)
(  1.0000000000000000E+00 ,  0.0000000000000000E+00)
(  1.0000000000000000E+00 ,  0.0000000000000000E+00)
(  1.9999999999999996E+00 ,  0.0000000000000000E+00)
(  2.0000000000000000E+00 ,  0.0000000000000000E+00)
(  2.0000000000000000E+00 ,  0.0000000000000000E+00)
(  1.0000000000000000E+00 ,  0.0000000000000000E+00)
(  2.0000000000000000E+00 ,  0.0000000000000000E+00)
 
 residue          =    3.040E-16
 condition number =    1.387E+01
 ---------------------------------------
(  5.0000000000000011E-01 ,  0.0000000000000000E+00)
(  1.0000000000000000E+00 ,  0.0000000000000000E+00)
(  5.0000000000000000E-01 ,  0.0000000000000000E+00)
(  5.0000000000000000E-01 ,  0.0000000000000000E+00)
(  5.0000000000000000E-01 ,  0.0000000000000000E+00)
(  5.0000000000000000E-01 ,  0.0000000000000000E+00)
(  1.0000000000000000E+00 ,  0.0000000000000000E+00)
(  5.0000000000000011E-01 ,  0.0000000000000000E+00)
(  5.0000000000000000E-01 ,  0.0000000000000000E+00)
(  1.0000000000000000E+00 ,  0.0000000000000000E+00)
(  5.0000000000000000E-01 ,  0.0000000000000000E+00)
(  1.0000000000000000E+00 ,  0.0000000000000000E+00)
(  5.0000000000000000E-01 ,  0.0000000000000000E+00)
(  1.0000000000000000E+00 ,  0.0000000000000000E+00)
(  5.0000000000000000E-01 ,  0.0000000000000000E+00)
(  5.0000000000000000E-01 ,  0.0000000000000000E+00)
(  5.0000000000000000E-01 ,  0.0000000000000000E+00)
(  5.0000000000000000E-01 ,  0.0000000000000000E+00)
(  1.0000000000000000E+00 ,  0.0000000000000000E+00)
(  5.0000000000000000E-01 ,  0.0000000000000000E+00)
(  5.0000000000000000E-01 ,  0.0000000000000000E+00)
(  1.0000000000000000E+00 ,  0.0000000000000000E+00)
(  5.0000000000000000E-01 ,  0.0000000000000000E+00)
(  1.0000000000000000E+00 ,  0.0000000000000000E+00)
(  5.0000000000000011E-01 ,  0.0000000000000000E+00)
(  1.0000000000000000E+00 ,  0.0000000000000000E+00)
(  5.0000000000000000E-01 ,  0.0000000000000000E+00)
(  5.0000000000000000E-01 ,  0.0000000000000000E+00)
(  5.0000000000000000E-01 ,  0.0000000000000000E+00)
(  5.0000000000000000E-01 ,  0.0000000000000000E+00)
(  1.0000000000000000E+00 ,  0.0000000000000000E+00)
(  5.0000000000000011E-01 ,  0.0000000000000000E+00)
(  5.0000000000000000E-01 ,  0.0000000000000000E+00)
(  1.0000000000000000E+00 ,  0.0000000000000000E+00)
(  5.0000000000000000E-01 ,  0.0000000000000000E+00)
(  1.0000000000000000E+00 ,  0.0000000000000000E+00)
(  1.0000000000000000E+00 ,  0.0000000000000000E+00)
(  1.0000000000000000E+00 ,  0.0000000000000000E+00)
(  1.0000000000000000E+00 ,  0.0000000000000000E+00)
(  1.0000000000000000E+00 ,  0.0000000000000000E+00)
(  2.0000000000000000E+00 ,  0.0000000000000000E+00)
(  2.0000000000000000E+00 ,  0.0000000000000000E+00)
(  2.0000000000000000E+00 ,  0.0000000000000000E+00)
(  1.0000000000000000E+00 ,  0.0000000000000000E+00)
(  1.0000000000000000E+00 ,  0.0000000000000000E+00)
 
 residue          =    0.000E+00
 condition number =    9.655E+00
 ---------------------------------------
  The order of variables : 
 ra1
 Ba1
 q2a
 q3a
 q5a
 ra2
 Ba2
 q1a
 ra3
 Ba3
 ra5
 Ba5
 rb2
 Bb2
 q3b
 q4b
 q6b
 rb3
 Bb3
 q2b
 rb4
 Bb4
 rb6
 Bb6
 rc1
 Bc1
 q3c
 q4c
 q7c
 rc3
 Bc3
 q1c
 rc4
 Bc4
 rc7
 Bc7
 A1a
 A1c
 A2a
 A2b
 A3a
 A3b
 A3c
 A4b
 A4c
 
 ===============>   HOM4PS-2.0   <===============
 The # of roots      =        5
 The # of real roots =        5
 The # of paths followed =      160
 The # of blow_up        =        0  (before endgame)
 
 Department of Mathematics, Michigan State University
 Contact Info: 
          Tsung-Lin Lee     : leetsung@msu.edu
          Tien-Yien Li      : li@math.msu.edu
          Chih-Hsiung Tsai  : tsaichih@msu.edu
